READ > 1 2 4 -5
[ 1.  2.  4. -5.]

READ > 2 4 5 -7
[[ 1.  2.  4. -5.]
 [ 2.  4.  5. -7.]]

READ > 4 5 4 -11
[[  1.   2.   4.  -5.]
 [  2.   4.   5.  -7.]
 [  4.   5.   4. -11.]]

READ >

MATRIX:
[[  1.   2.   4.  -5.]
 [  2.   4.   5.  -7.]
 [  4.   5.   4. -11.]]

OP > 1x-2]2
[[  1.   2.   4.  -5.]
 [  0.   0.  -3.   3.]
 [  4.   5.   4. -11.]]

OP > 1x-4]3
[[  1.   2.   4.  -5.]
 [  0.   0.  -3.   3.]
 [  0.  -3. -12.   9.]]

OP > 23
[[  1.   2.   4.  -5.]
 [  0.  -3. -12.   9.]
 [  0.   0.  -3.   3.]]

OP > 2/-3
[[ 1.  2.  4. -5.]
 [-0.  1.  4. -3.]
 [ 0.  0. -3.  3.]]

OP > 3/-3
[[ 1.  2.  4. -5.]
 [-0.  1.  4. -3.]
 [-0. -0.  1. -1.]]

OP > 3x-4]2
[[ 1.  2.  4. -5.]
 [ 0.  1.  0.  1.]
 [-0. -0.  1. -1.]]

OP > 3x-4]1
[[ 1.  2.  0. -1.]
 [ 0.  1.  0.  1.]
 [-0. -0.  1. -1.]]

OP > 2x-2]1
[[ 1.  0.  0. -3.]
 [ 0.  1.  0.  1.]
 [-0. -0.  1. -1.]]

OP >